100
0 0 0
439 491 19
324 416 184
279 336 48
795 833 12
203 251 59
736 759 1
472 542 133
520 549 8
839 899 2
40 42 2
348 441 97
240 282 78
900 904 3
55 113 114
655 686 14
849 884 39
190 243 45
744 794 44
811 849 50
372 375 5
671 680 16
417 472 53
644 744 44
447 530 61
879 948 50
588 605 2
660 759 19
688 745 33
911 999 175
683 736 15
531 553 1
237 302 85
542 631 141
704 734 15
915 1013 114
21 33 11
123 125 2
545 581 11
870 925 76
465 486 42
605 692 30
165 239 91
96 129 58
981 1031 3
147 207 43
181 250 30
804 811 8
646 719 68
387 388 2
179 181 2
161 162 1
710 714 8
905 907 1
950 952 1
644 648 2
71 74 5
755 759 5
490 492 2
707 710 6
491 494 1
240 243 3
293 294 1
364 366 2
660 662 2
971 973 4
295 297 1
256 257 2
341 342 2
967 968 1
399 402 6
133 136 4
944 945 2
445 447 3
564 656 27
846 850 2
954 955 2
843 846 1
762 764 2
201 202 2
799 800 2
902 904 1
728 731 5
988 990 2
718 731 20
575 579 8
820 853 34
868 871 6
265 266 2
817 819 4
19 20 1
870 874 3
564 566 3
607 685 78
561 610 16
431 432 2
345 346 1
948 949 2
458 462 7
862 863 2