1000
0 0 0
1399 1401 2
5722 5726 2
8046 8144 62
2845 2869 10
1010 1068 11
5878 5889 2
4907 4969 61
5891 5921 21
9960 10003 7
7082 7084 4
6894 6895 2
9267 9302 16
4301 4328 45
6513 6597 99
424 523 43
2416 2475 31
6340 6343 3
2991 2995 4
4663 4684 42
8075 8080 8
3451 3509 63
4772 4774 3
3990 4003 12
9712 9796 91
5972 6000 42
7507 7604 93
5511 5561 37
1928 1992 50
5241 5333 12
8714 8773 87
9561 9573 8
8994 9073 32
4594 4625 16
5388 5460 98
9348 9387 29
5132 5136 4
2475 2511 68
6824 6870 72
416 476 2
757 836 86
1995 1996 2
8240 8276 44
9249 9315 28
3075 3079 5
5617 5709 32
2484 2512 3
9847 9859 11
5328 5384 74
4855 4862 10
8635 8668 60
5615 5630 2
9520 9614 124
260 339 77
527 573 13
8044 8123 55
4503 4547 69
3845 3895 79
1896 1910 27
785 789 8
7750 7841 6
3986 4042 112
227 263 38
7862 7955 74
9951 10023 131
8542 8616 62
2707 2807 43
4667 4713 29
8103 8133 29
357 457 183
1090 1094 7
5453 5471 12
7288 7338 29
5313 5379 100
1162 1176 4
119 219 22
2647 2649 3
9718 9719 1
3800 3861 11
7392 7448 39
4918 4978 102
8380 8433 13
6394 6418 16
5878 5915 50
4856 4887 61
3711 3794 54
8363 8425 111
9724 9761 29
7974 8049 3
5825 5922 136
45 126 148
1095 1193 3
2967 2994 51
1898 1985 139
4556 4575 2
8717 8789 18
8203 8297 171
4077 4173 105
7361 7456 168
6545 6555 12
8571 8659 68
7997 8025 25
7674 7758 78
7653 7684 31
4005 4038 17
3165 3218 11
2855 2939 152
8490 8553 10
9129 9157 21
4528 4557 33
405 499 9
371 434 117
2251 2310 75
1674 1677 2
5010 5089 35
9119 9130 9
9695 9771 126
5396 5474 84
6020 6024 6
3846 3914 88
9668 9730 65
8688 8709 37
3182 3186 5
744 795 72
1247 1310 22
4486 4532 61
5962 6008 71
4879 4933 38
1690 1781 41
2970 2972 4
9661 9717 100
782 827 20
8436 8509 135
6450 6527 23
4575 4644 21
2438 2488 79
3640 3695 52
2454 2519 5
1604 1626 5
7377 7393 4
6025 6029 3
7710 7747 34
585 673 30
9683 9735 67
81 117 55
4690 4691 2
1071 1153 23
4988 5051 95
9690 9781 17
5962 5997 6
9936 10008 51
8911 9004 56
9181 9259 119
6379 6447 81
5099 5102 5
5450 5505 61
6663 6705 32
123 144 3
1749 1778 34
6267 6270 1
3600 3621 18
5461 5539 35
5489 5538 92
641 722 33
6199 6277 14
8001 8033 5
9590 9602 24
432 486 43
2049 2109 29
914 934 2
9216 9308 160
3975 4037 61
9197 9295 153
7937 7938 2
3392 3425 17
4578 4583 9
9764 9851 12
1404 1483 154
5378 5457 64
5945 5973 29
5531 5624 19
9706 9754 42
6506 6530 43
9870 9883 7
1096 1158 28
2157 2160 2
7214 7215 1
8393 8396 6
3242 3288 47
6141 6189 86
2625 2705 126
8552 8583 51
7744 7842 124
1584 1622 18
3321 3329 1
7894 7934 47
4409 4447 9
7631 7677 11
256 309 9
2822 2880 37
8126 8194 62
3975 3982 13
5735 5746 20
2475 2542 60
7540 7576 34
8840 8868 48
2011 2017 4
6566 6666 44
7770 7823 104
3628 3630 2
2424 2517 24
9854 9855 1
6466 6532 58
7006 7059 84
6029 6032 3
5825 5915 174
4972 5061 101
2704 2768 71
3233 3313 79
5867 5950 135
7241 7243 2
4546 4563 28
8803 8875 83
2572 2644 103
9306 9352 69
2393 2432 30
2217 2221 4
1539 1607 99
9398 9426 47
1850 1871 6
3262 3345 159
5305 5384 100
1518 1541 2
7137 7224 141
7135 7223 33
1900 1903 5
7663 7755 160
7573 7589 18
8255 8325 111
3403 3428 22
6724 6758 4
8411 8476 6
1074 1144 93
259 280 9
3902 3987 47
3727 3739 14
1149 1193 7
9830 9905 5
8366 8383 15
7479 7481 4
6032 6108 82
3615 3678 27
3412 3507 21
7350 7422 82
1087 1139 44
5535 5560 50
7985 7989 8
8673 8740 92
1296 1394 38
3091 3121 14
1310 1354 75
9882 9890 8
8234 8322 120
7185 7256 101
3456 3540 24
9451 9534 158
1945 2005 67
7491 7495 8
3017 3027 10
1454 1523 53
2928 2938 4
4971 4975 2
279 284 1
5022 5101 140
3319 3323 2
4082 4095 2
4934 5033 136
9791 9869 66
6775 6808 16
4168 4243 98
4836 4866 57
6219 6293 61
7001 7099 179
5875 5907 25
7837 7885 27
2850 2899 90
6316 6317 1
2097 2129 52
9431 9471 49
9973 10010 56
541 597 80
9949 10025 9
2521 2584 94
2151 2201 19
9744 9797 86
477 553 139
2850 2857 6
7280 7375 12
8030 8069 76
3141 3155 9
340 427 135
7743 7804 22
1313 1342 2
949 997 86
8119 8139 30
9750 9771 35
6968 6976 12
9725 9797 113
7152 7159 6
9045 9076 26
7879 7978 80
4263 4340 37
2852 2934 149
4714 4793 25
5614 5654 58
5762 5764 2
1521 1580 5
3226 3252 37
1 85 55
5022 5070 81
9912 9914 1
8935 8992 68
8746 8784 11
3758 3762 6
8651 8746 178
3524 3556 36
648 686 33
9931 9976 82
9666 9732 120
2978 3030 67
4269 4270 2
2783 2839 41
6987 7000 20
6725 6758 4
3663 3755 137
8007 8041 44
1410 1413 5
7724 7785 44
3266 3287 23
4098 4131 22
6929 6974 34
1541 1566 5
6498 6545 90
5109 5188 144
5534 5591 67
8679 8779 145
7462 7507 39
3048 3142 160
4374 4455 90
5266 5334 44
478 549 106
249 304 92
7703 7741 53
4484 4513 13
7660 7716 19
9902 9937 55
5787 5827 44
724 743 29
5676 5714 4
4691 4696 5
6359 6436 2
434 521 99
4230 4330 131
7842 7899 106
5552 5636 108
8006 8086 1
3743 3799 81
7614 7643 2
1105 1119 14
3863 3946 76
2945 2972 2
3319 3337 6
7331 7332 2
3754 3755 1
4050 4083 51
1688 1726 12
3519 3601 45
9806 9882 22
4149 4237 107
9137 9177 67
4209 4211 2
7621 7683 34
7550 7638 21
5308 5388 26
6580 6638 21
8428 8515 14
187 281 143
5082 5123 64
5026 5081 58
6520 6539 25
4911 4968 104
2834 2929 3
9801 9803 4
5036 5044 6
2065 2161 122
8038 8077 63
9682 9694 9
3561 3634 55
1187 1279 37
7016 7101 48
1089 1137 93
8625 8675 41
7507 7597 105
685 744 54
7825 7827 1
5152 5160 3
1222 1225 2
737 794 95
3837 3890 9
6758 6764 5
2352 2413 10
1475 1477 3
841 876 35
321 356 32
3545 3576 35
9999 10008 9
9391 9491 101
6868 6885 17
299 357 37
3099 3174 140
2790 2826 46
403 406 5
8470 8549 58
3725 3780 47
5553 5620 72
8858 8948 48
7063 7096 64
362 415 45
4568 4632 59
7109 7130 14
9803 9900 129
2291 2293 3
6704 6766 65
2747 2748 1
7549 7571 14
1163 1227 19
9861 9866 9
9045 9143 131
7576 7654 102
4697 4705 9
5734 5735 2
8923 9016 84
4489 4522 32
4088 4122 52
3575 3596 17
8866 8936 2
8164 8223 29
3669 3734 104
1039 1125 146
66 151 86
5243 5252 16
717 799 24
4483 4545 9
8471 8513 51
3029 3128 189
1870 1873 5
8495 8569 92
3669 3687 31
930 975 27
5720 5810 162
9231 9233 1
5686 5725 50
7547 7610 52
1103 1131 54
2656 2665 12
8014 8100 164
9052 9094 43
2159 2163 5
1133 1223 178
9972 10056 54
1717 1751 27
6914 6982 113
5266 5310 31
9954 10028 37
2711 2790 9
1097 1155 42
1732 1831 61
4178 4199 10
3631 3648 8
818 882 35
6164 6182 2
8888 8890 2
8858 8876 6
4811 4898 14
7125 7221 7
3919 4019 102
2673 2770 121
4204 4233 5
8671 8759 118
4037 4044 2
7670 7721 60
6455 6528 42
7075 7161 37
136 182 52
7857 7859 4
5655 5657 1
4676 4711 44
7683 7744 86
1121 1156 56
3001 3008 5
8578 8581 1
5280 5281 2
3411 3414 1
7208 7209 2
7346 7349 2
8068 8071 4
6523 6526 3
2227 2228 2
5712 5733 12
1087 1090 5
2374 2375 2
8702 8703 1
3980 3982 3
4130 4133 4
476 478 2
7674 7675 1
7601 7605 7
4873 4877 7
3232 3236 5
1805 1808 1
1166 1169 4
4967 5018 16
5174 5269 139
3058 3093 20
2780 2781 2
7221 7223 4
3735 3739 4
1776 1780 6
6581 6582 1
9979 9983 8
3823 3825 1
8536 8538 3
2002 2005 4
225 226 2
4645 4648 2
2289 2290 1
5383 5386 1
8948 8952 2
4291 4345 107
2609 2610 2
1237 1241 6
6027 6028 1
2728 2730 4
3852 3853 2
8511 8514 2
7109 7113 7
3487 3488 1
584 588 5
6880 6882 2
6151 6155 6
788 789 1
8876 8952 122
7484 7488 8
7092 7134 66
4819 4847 19
6692 6695 1
6374 6375 2
5429 5430 2
8829 8831 4
4830 4832 1
359 363 2
4875 4878 5
1219 1222 6
1944 1945 1
2692 2696 8
8824 8827 3
1997 2001 2
729 731 3
3897 3901 3
9749 9753 8
3835 3836 2
6691 6694 2
5481 5483 1
7990 7991 2
8784 8787 4
7629 7631 1
1860 1864 8
1918 1997 30
7724 7725 2
5328 5376 9
1373 1442 46
8540 8543 3
604 606 4
4680 4689 9
6435 6437 4
4218 4221 3
2988 2991 3
2070 2073 2
6854 6857 5
1175 1179 3
8177 8179 4
4148 4150 2
1577 1579 2
6372 6375 5
9483 9484 1
5998 6000 3
8198 8201 1
761 764 2
7675 7676 2
9038 9041 2
3190 3194 1
2484 2487 2
3638 3640 3
554 555 2
4420 4424 4
5205 5206 1
1249 1253 6
7912 7916 5
3846 3859 23
6856 6858 1
6985 6988 1
8435 8529 74
6857 6858 1
7206 7209 4
8875 8879 2
5796 5798 1
5057 5058 2
6236 6240 4
3241 3243 3
2308 2312 4
1331 1332 2
5526 5528 4
7561 7562 2
3479 3483 7
3023 3025 2
3097 3098 2
2546 2550 5
153 157 4
8620 8623 3
2219 2223 3
8144 8146 2
4205 4209 3
4964 4968 4
4265 4266 2
2066 2068 3
8468 8470 3
4437 4440 1
6136 6137 1
4909 4910 1
2862 2865 3
1121 1122 1
5301 5304 3
9857 9858 2
3053 3055 2
5117 5121 4
1821 1824 3
958 959 2
1950 1954 6
2168 2171 5
4977 4980 3
5320 5321 1
5816 5818 4
6966 6970 2
1397 1400 5
6312 6314 1
4350 4353 1
8865 8902 7
4897 4898 2
4997 5001 4
8507 8511 8
5270 5271 2
8808 8812 7
5590 5621 3
178 181 2
8957 8959 1
7370 7371 1
7847 7849 1
7921 7997 38
2367 2370 4
3963 3967 8
8531 8533 4
5195 5196 2
7199 7203 1
9352 9355 6
9192 9194 4
1257 1258 1
9564 9565 2
789 790 2
1574 1577 1
5678 5682 4
7221 7225 4
6403 6404 2
714 715 2
7154 7198 30
1271 1274 2
5940 5943 5
3053 3054 2
3292 3294 1
3179 3183 5
595 597 4
2634 2635 2
1698 1699 2
7368 7371 3
3586 3605 27
3922 3926 5
9355 9356 1
7782 7783 2
3773 3776 4
2331 2332 2
2642 2646 1
2964 2967 5
9243 9246 2
8289 8293 3
4583 4587 4
4669 4672 5
390 392 4
3251 3255 5
903 956 102
2932 2935 4
8757 8758 1
7563 7566 2
5573 5574 1
7966 7967 1
1892 1894 3
1732 1735 5
2379 2383 7
7910 7914 2
8627 8629 1
3941 3943 1
426 427 1
7962 7963 1
6422 6425 2
7399 7491 146
8372 8376 1
5017 5020 1
799 802 3
5868 5871 6
4527 4531 8
7843 7935 57
8303 8305 1
8771 8773 2
1307 1310 5
1248 1249 2
1136 1137 2
7832 7833 2
4094 4095 2
2112 2116 6
2630 2633 1
5341 5343 4
5677 5679 4
2796 2797 2
6250 6253 3
5844 5886 69
8562 8566 2
9281 9284 5
6560 6563 5
2313 2317 5
7336 7340 3
5267 5269 4
5041 5045 4
5578 5602 12
482 483 1
4282 4283 2
7564 7566 4
6706 6722 25
4565 4569 8
2062 2065 6
9581 9670 90
6143 6144 1
8663 8666 6
1768 1769 1
209 211 2
3222 3225 3
7955 7957 4
2414 2416 2
6722 6726 1
4722 4723 2
5021 5100 116
8397 8399 1
8397 8467 139
3207 3208 1
3357 3361 3
4097 4101 3
4211 4298 138
5827 5830 3
3509 3511 1
512 513 1
9889 9892 1
610 613 6
2360 2364 8
1835 1837 1
526 530 8
8590 8592 2
7690 7692 2
9397 9399 1
5000 5003 3
9326 9328 1
7471 7475 1
5865 5866 2
1777 1779 3
3021 3025 6
5586 5589 6
8143 8146 6
8119 8173 8
5038 5042 4
9393 9397 1
1737 1739 1
6539 6542 3
1494 1498 7
2680 2684 6
6014 6018 5
1083 1087 8
8204 8207 4
6083 6087 3
3005 3008 5
9700 9701 1
7776 7779 5
5714 5718 8
1120 1184 122
4176 4177 1
5306 5309 6
5496 5498 4
5435 5437 3
1970 1973 3
30 33 3
3040 3042 3
6585 6586 2
4284 4286 1
9740 9741 1
7698 7701 2
590 592 3
6086 6089 3
7302 7303 1
4791 4794 1
7119 7121 2
3652 3655 5
6495 6496 2
2020 2023 2
8599 8603 4
1941 1943 2
8083 8085 1
3740 3743 1
3051 3055 6
6115 6119 1
1440 1444 4
1891 1892 1
5118 5122 2
3170 3173 5
3086 3087 2
1720 1724 2
5567 5570 5
5769 5770 2
7445 7448 5
6970 6973 1
1491 1492 2
4482 4486 8
3083 3084 2
2872 2875 4
4594 4597 4
3418 3420 2
9959 9960 2
1195 1197 1
8533 8537 6
5361 5362 1
7756 7760 3
6920 6924 2
8318 8321 3
4405 4409 3
3904 3906 2
923 925 3
6573 6577 5
6492 6495 3
1541 1542 1
7247 7249 4
286 288 2
1164 1168 3
4445 4449 7
2404 2405 2
8477 8481 1
3856 3859 5
4771 4772 1
1544 1548 5
9197 9200 2
9233 9235 1
1319 1322 2
5293 5294 2
4671 4673 2
4757 4759 3
5559 5562 6
2423 2426 6
1166 1169 2
2778 2781 4
3809 3810 2
4148 4171 26
7636 7639 6
375 377 2
802 805 1
9749 9845 82
5525 5529 7
1394 1396 3
6614 6622 9
5191 5193 3
9597 9599 3
3593 3597 2
7763 7765 4
2663 2664 2
7395 7397 4
6881 6975 71
861 864 4
2634 2716 162
8865 8866 1
8398 8400 1
2450 2454 1
8688 8692 2
7240 7242 4
435 437 4
672 675 1
2869 2872 1
1134 1175 80
3950 3954 8
3617 3621 1
6866 6868 1
2711 2740 29
9282 9286 1
7578 7579 2
5177 5179 3
7341 7343 3
5516 5518 4
2655 2659 8
5771 5772 1
1188 1189 1
1206 1207 2
5018 5019 1
6932 6937 3
9532 9535 5
5638 5641 2
7860 7863 4
7195 7209 7
4099 4102 5
6966 6970 8
4709 4711 4
9186 9190 6
83 87 8
133 136 6
1668 1669 2
1368 1372 2
4632 4658 17
7126 7130 2
1693 1694 2
7142 7189 58
8970 8973 5
5764 5766 3
534 535 1
5964 5966 3
6798 6802 3
5568 5572 4
584 586 1
3077 3078 2
5554 5558 6
2956 2960 1
6828 6829 1
4800 4802 1
761 765 1
3107 3111 2
8615 8618 5
273 274 2
6013 6016 2
9349 9353 8
3506 3509 3
7766 7768 2
6040 6042 2
4807 4811 6
982 986 6
2372 2376 8
900 904 8
9984 9988 2
2115 2117 4
2205 2206 2
7931 7932 2
2516 2519 1
8937 8940 6
4582 4586 1
3219 3223 3
4961 4965 3
8356 8358 4
7348 7351 4
3081 3084 4
3583 3587 8
3555 3558 6
2839 2843 2
8672 8684 9
8662 8665 1
5251 5252 2
4779 4783 3
6090 6092 1
4527 4571 65
7203 7207 1
7648 7698 19
2693 2696 2
9419 9422 4
78 81 2
3141 3143 3
9144 9199 52
6823 6825 1
5223 5225 2
1315 1316 1
7280 7281 2
1556 1559 3
1437 1441 1
9183 9186 4
